%Setup1:LastAdaptive
%Problem Type:  C
%C Units:pF, G Units:mSie
%Reduce Matrix:  FloatInfinityMatrix1
%Frequency:  100kHz

capMatrix = [
 7.97265,-2.84615,-0.29074,-0.27353,-0.26038,-0.26032,-0.26228,-0.24438,-0.26830,-0.27471,-0.34519,-2.64667;
-2.84615, 8.23928,-2.87173,-0.34254,-0.31954,-0.24338,-0.24264,-0.23705,-0.24477,-0.24876,-0.29555,-0.34717;
-0.29074,-2.87173, 8.00044,-2.64340,-0.36780,-0.26943,-0.26619,-0.24259,-0.26222,-0.26294,-0.24831,-0.27509;
-0.27353,-0.34254,-2.64340, 7.98488,-2.89141,-0.28256,-0.27164,-0.24535,-0.26255,-0.26145,-0.24314,-0.26731;
-0.26038,-0.31954,-0.36780,-2.89141, 8.53053,-2.95190,-0.38260,-0.32876,-0.26212,-0.25607,-0.25466,-0.25530;
-0.26032,-0.24338,-0.26943,-0.28256,-2.95190, 8.00104,-2.61629,-0.33735,-0.27211,-0.26548,-0.24161,-0.26062;
-0.26228,-0.24264,-0.26619,-0.27164,-0.38260,-2.61629, 7.93980,-2.82426,-0.28752,-0.27390,-0.24966,-0.26282;
-0.24438,-0.23705,-0.24259,-0.24535,-0.32876,-0.33735,-2.82426, 8.25372,-2.90327,-0.34670,-0.29422,-0.24979;
-0.26830,-0.24477,-0.26222,-0.26255,-0.26212,-0.27211,-0.28752,-2.90327, 8.03639,-2.65174,-0.34720,-0.27459;
-0.27471,-0.24876,-0.26294,-0.26145,-0.25607,-0.26548,-0.27390,-0.34670,-2.65174, 8.06380,-2.93461,-0.28745;
-0.34519,-0.29555,-0.24831,-0.24314,-0.25466,-0.24161,-0.24966,-0.29422,-0.34720,-2.93461, 8.36817,-2.91405;
-2.64667,-0.34717,-0.27509,-0.26731,-0.25530,-0.26062,-0.26282,-0.24979,-0.27459,-0.28745,-2.91405, 8.04086;
];

capMatrixCoupling = [
 1.00000, 0.35117, 0.03640, 0.03428, 0.03157, 0.03259, 0.03297, 0.03013, 0.03352, 0.03426, 0.04226, 0.33056;
 0.35117, 1.00000, 0.35371, 0.04223, 0.03811, 0.02998, 0.03000, 0.02875, 0.03008, 0.03052, 0.03559, 0.04265;
 0.03640, 0.35371, 1.00000, 0.33073, 0.04452, 0.03368, 0.03340, 0.02985, 0.03270, 0.03274, 0.03035, 0.03430;
 0.03428, 0.04223, 0.33073, 1.00000, 0.35034, 0.03535, 0.03412, 0.03022, 0.03278, 0.03258, 0.02974, 0.03336;
 0.03157, 0.03811, 0.04452, 0.35034, 1.00000, 0.35731, 0.04649, 0.03918, 0.03166, 0.03087, 0.03014, 0.03083;
 0.03259, 0.02998, 0.03368, 0.03535, 0.35731, 1.00000, 0.32825, 0.04151, 0.03393, 0.03305, 0.02953, 0.03249;
 0.03297, 0.03000, 0.03340, 0.03412, 0.04649, 0.32825, 1.00000, 0.34888, 0.03599, 0.03423, 0.03063, 0.03289;
 0.03013, 0.02875, 0.02985, 0.03022, 0.03918, 0.04151, 0.34888, 1.00000, 0.35648, 0.04250, 0.03540, 0.03066;
 0.03352, 0.03008, 0.03270, 0.03278, 0.03166, 0.03393, 0.03599, 0.35648, 1.00000, 0.32941, 0.04234, 0.03416;
 0.03426, 0.03052, 0.03274, 0.03258, 0.03087, 0.03305, 0.03423, 0.04250, 0.32941, 1.00000, 0.35724, 0.03570;
 0.04226, 0.03559, 0.03035, 0.02974, 0.03014, 0.02953, 0.03063, 0.03540, 0.04234, 0.35724, 1.00000, 0.35525;
 0.33056, 0.04265, 0.03430, 0.03336, 0.03083, 0.03249, 0.03289, 0.03066, 0.03416, 0.03570, 0.35525, 1.00000;
];

spicecapMatrix = [
-0.00000, 2.84615, 0.29074, 0.27353, 0.26038, 0.26032, 0.26228, 0.24438, 0.26830, 0.27471, 0.34519, 2.64667;
 2.84615,-0.00000, 2.87173, 0.34254, 0.31954, 0.24338, 0.24264, 0.23705, 0.24477, 0.24876, 0.29555, 0.34717;
 0.29074, 2.87173, 0.00000, 2.64340, 0.36780, 0.26943, 0.26619, 0.24259, 0.26222, 0.26294, 0.24831, 0.27509;
 0.27353, 0.34254, 2.64340, 0.00000, 2.89141, 0.28256, 0.27164, 0.24535, 0.26255, 0.26145, 0.24314, 0.26731;
 0.26038, 0.31954, 0.36780, 2.89141, 0.00000, 2.95190, 0.38260, 0.32876, 0.26212, 0.25607, 0.25466, 0.25530;
 0.26032, 0.24338, 0.26943, 0.28256, 2.95190, 0.00000, 2.61629, 0.33735, 0.27211, 0.26548, 0.24161, 0.26062;
 0.26228, 0.24264, 0.26619, 0.27164, 0.38260, 2.61629,-0.00000, 2.82426, 0.28752, 0.27390, 0.24966, 0.26282;
 0.24438, 0.23705, 0.24259, 0.24535, 0.32876, 0.33735, 2.82426, 0.00000, 2.90327, 0.34670, 0.29422, 0.24979;
 0.26830, 0.24477, 0.26222, 0.26255, 0.26212, 0.27211, 0.28752, 2.90327, 0.00000, 2.65174, 0.34720, 0.27459;
 0.27471, 0.24876, 0.26294, 0.26145, 0.25607, 0.26548, 0.27390, 0.34670, 2.65174,-0.00000, 2.93461, 0.28745;
 0.34519, 0.29555, 0.24831, 0.24314, 0.25466, 0.24161, 0.24966, 0.29422, 0.34720, 2.93461, 0.00000, 2.91405;
 2.64667, 0.34717, 0.27509, 0.26731, 0.25530, 0.26062, 0.26282, 0.24979, 0.27459, 0.28745, 2.91405, 0.00000;
];

condMatrix = [
 0.00000, 0.00000, 0.00000, 0.00000,-0.00000, 0.00000, 0.00000, 0.00000, 0.00000, 0.00000, 0.00000, 0.00000;
 0.00000, 0.00000, 0.00000, 0.00000,-0.00000, 0.00000, 0.00000, 0.00000, 0.00000, 0.00000, 0.00000, 0.00000;
 0.00000, 0.00000, 0.00000, 0.00000,-0.00000, 0.00000, 0.00000, 0.00000, 0.00000, 0.00000, 0.00000, 0.00000;
 0.00000, 0.00000, 0.00000, 0.00000,-0.00000, 0.00000, 0.00000, 0.00000, 0.00000, 0.00000, 0.00000, 0.00000;
-0.00000,-0.00000,-0.00000,-0.00000, 0.00000,-0.00000,-0.00000,-0.00000,-0.00000,-0.00000,-0.00000,-0.00000;
 0.00000, 0.00000, 0.00000, 0.00000,-0.00000, 0.00000, 0.00000, 0.00000, 0.00000, 0.00000, 0.00000, 0.00000;
 0.00000, 0.00000, 0.00000, 0.00000,-0.00000, 0.00000, 0.00000, 0.00000, 0.00000, 0.00000, 0.00000, 0.00000;
 0.00000, 0.00000, 0.00000, 0.00000,-0.00000, 0.00000, 0.00000, 0.00000, 0.00000, 0.00000, 0.00000, 0.00000;
 0.00000, 0.00000, 0.00000, 0.00000,-0.00000, 0.00000, 0.00000, 0.00000, 0.00000, 0.00000, 0.00000, 0.00000;
 0.00000, 0.00000, 0.00000, 0.00000,-0.00000, 0.00000, 0.00000, 0.00000, 0.00000, 0.00000, 0.00000, 0.00000;
 0.00000, 0.00000, 0.00000, 0.00000,-0.00000, 0.00000, 0.00000, 0.00000, 0.00000, 0.00000, 0.00000, 0.00000;
 0.00000, 0.00000, 0.00000, 0.00000,-0.00000, 0.00000, 0.00000, 0.00000, 0.00000, 0.00000, 0.00000, 0.00000;
];

condMatrixCoupling = [
 1.00000, 0.30408, 0.41850, 0.32520, 0.53669, 0.12374, 0.41013, 0.23460, 0.45657, 0.40539, 0.34664, 0.39053;
 0.30408, 1.00000, 0.32779, 0.33586, 0.53931, 0.19746, 0.30635, 0.23559, 0.29904, 0.25471, 0.25012, 0.25058;
 0.41850, 0.32779, 1.00000, 0.41138, 0.60565, 0.20356, 0.45526, 0.27149, 0.40803, 0.34101, 0.32153, 0.33720;
 0.32520, 0.33586, 0.41138, 1.00000, 0.62868, 0.24196, 0.35186, 0.29522, 0.31967, 0.25667, 0.27539, 0.26419;
 0.53669, 0.53931, 0.60565, 0.62868, 1.00000, 0.69633, 0.66072, 0.55220, 0.54641, 0.47647, 0.49112, 0.46656;
 0.12374, 0.19746, 0.20356, 0.24196, 0.69633, 1.00000, 0.33309, 0.23998, 0.14461, 0.11315, 0.15362, 0.10357;
 0.41013, 0.30635, 0.45526, 0.35186, 0.66072, 0.33309, 1.00000, 0.27306, 0.42929, 0.32984, 0.31890, 0.31781;
 0.23460, 0.23559, 0.27149, 0.29522, 0.55220, 0.23998, 0.27306, 1.00000, 0.23626, 0.20079, 0.20894, 0.19749;
 0.45657, 0.29904, 0.40803, 0.31967, 0.54641, 0.14461, 0.42929, 0.23626, 1.00000, 0.39118, 0.33342, 0.39470;
 0.40539, 0.25471, 0.34101, 0.25667, 0.47647, 0.11315, 0.32984, 0.20079, 0.39118, 1.00000, 0.29699, 0.34139;
 0.34664, 0.25012, 0.32153, 0.27539, 0.49112, 0.15362, 0.31890, 0.20894, 0.33342, 0.29699, 1.00000, 0.27005;
 0.39053, 0.25058, 0.33720, 0.26419, 0.46656, 0.10357, 0.31781, 0.19749, 0.39470, 0.34139, 0.27005, 1.00000;
];

