Setup1:LastAdaptive
Problem Type:  C
C Units:pF, G Units:mSie
Reduce Matrix:  FloatInfinityMatrix1
Frequency:  100kHz

Capacitance Matrix
,E_01,E_02,E_03,E_04,E_05,E_06,E_07,E_08,E_09,E_10,E_11,E_12,
E_01, 8.05610,-2.92090,-0.29107,-0.27481,-0.24903,-0.26319,-0.26350,-0.24668,-0.27010,-0.27642,-0.34550,-2.65493
E_02,-2.92090, 8.34275,-2.90595,-0.34570,-0.29549,-0.24888,-0.24489,-0.24046,-0.24741,-0.25126,-0.29570,-0.34612
E_03,-0.29107,-2.90595, 8.03930,-2.65449,-0.34581,-0.27467,-0.26846,-0.24509,-0.26397,-0.26491,-0.24922,-0.27567
E_04,-0.27481,-0.34570,-2.65449, 8.01739,-2.88298,-0.29131,-0.27577,-0.24943,-0.26500,-0.26410,-0.24523,-0.26857
E_05,-0.24903,-0.29549,-0.34581,-2.88298, 8.30399,-2.90476,-0.34644,-0.29561,-0.25116,-0.24738,-0.24046,-0.24487
E_06,-0.26319,-0.24888,-0.27467,-0.29131,-2.90476, 8.04311,-2.65854,-0.34548,-0.27629,-0.26998,-0.24661,-0.26340
E_07,-0.26350,-0.24489,-0.26846,-0.27577,-0.34644,-2.65854, 8.04373,-2.90355,-0.28934,-0.27642,-0.25268,-0.26415
E_08,-0.24668,-0.24046,-0.24509,-0.24943,-0.29561,-0.34548,-2.90355, 8.33126,-2.90173,-0.34942,-0.30117,-0.25264
E_09,-0.27010,-0.24741,-0.26397,-0.26500,-0.25116,-0.27629,-0.28934,-2.90173, 8.03584,-2.64485,-0.34952,-0.27647
E_10,-0.27642,-0.25126,-0.26491,-0.26410,-0.24738,-0.26998,-0.27642,-0.34942,-2.64485, 8.03586,-2.90176,-0.28935
E_11,-0.34550,-0.29570,-0.24922,-0.24523,-0.24046,-0.24661,-0.25268,-0.30117,-0.34952,-2.90176, 8.33247,-2.90463
E_12,-2.65493,-0.34612,-0.27567,-0.26857,-0.24487,-0.26340,-0.26415,-0.25264,-0.27647,-0.28935,-2.90463, 8.04080

Capacitance Matrix Coupling Coefficient
,E_01,E_02,E_03,E_04,E_05,E_06,E_07,E_08,E_09,E_10,E_11,E_12,
E_01, 1.00000, 0.35629, 0.03617, 0.03419, 0.03045, 0.03270, 0.03273, 0.03011, 0.03357, 0.03435, 0.04217, 0.32987
E_02, 0.35629, 1.00000, 0.35483, 0.04227, 0.03550, 0.03038, 0.02989, 0.02884, 0.03022, 0.03069, 0.03547, 0.04226
E_03, 0.03617, 0.35483, 1.00000, 0.33064, 0.04232, 0.03416, 0.03338, 0.02995, 0.03284, 0.03296, 0.03045, 0.03429
E_04, 0.03419, 0.04227, 0.33064, 1.00000, 0.35333, 0.03628, 0.03434, 0.03052, 0.03301, 0.03290, 0.03000, 0.03345
E_05, 0.03045, 0.03550, 0.04232, 0.35333, 1.00000, 0.35543, 0.04239, 0.03554, 0.03075, 0.03028, 0.02891, 0.02997
E_06, 0.03270, 0.03038, 0.03416, 0.03628, 0.35543, 1.00000, 0.33052, 0.04220, 0.03437, 0.03358, 0.03012, 0.03275
E_07, 0.03273, 0.02989, 0.03338, 0.03434, 0.04239, 0.33052, 1.00000, 0.35469, 0.03599, 0.03438, 0.03086, 0.03284
E_08, 0.03011, 0.02884, 0.02995, 0.03052, 0.03554, 0.04220, 0.35469, 1.00000, 0.35464, 0.04271, 0.03615, 0.03087
E_09, 0.03357, 0.03022, 0.03284, 0.03301, 0.03075, 0.03437, 0.03599, 0.35464, 1.00000, 0.32913, 0.04271, 0.03439
E_10, 0.03435, 0.03069, 0.03296, 0.03290, 0.03028, 0.03358, 0.03438, 0.04271, 0.32913, 1.00000, 0.35462, 0.03600
E_11, 0.04217, 0.03547, 0.03045, 0.03000, 0.02891, 0.03012, 0.03086, 0.03615, 0.04271, 0.35462, 1.00000, 0.35486
E_12, 0.32987, 0.04226, 0.03429, 0.03345, 0.02997, 0.03275, 0.03284, 0.03087, 0.03439, 0.03600, 0.35486, 1.00000

Spice Capacitance Matrix
,E_01,E_02,E_03,E_04,E_05,E_06,E_07,E_08,E_09,E_10,E_11,E_12,
E_01,-0.00000, 2.92090, 0.29107, 0.27481, 0.24903, 0.26319, 0.26350, 0.24668, 0.27010, 0.27642, 0.34550, 2.65493
E_02, 2.92090, 0.00000, 2.90595, 0.34570, 0.29549, 0.24888, 0.24489, 0.24046, 0.24741, 0.25126, 0.29570, 0.34612
E_03, 0.29107, 2.90595,-0.00000, 2.65449, 0.34581, 0.27467, 0.26846, 0.24509, 0.26397, 0.26491, 0.24922, 0.27567
E_04, 0.27481, 0.34570, 2.65449,-0.00000, 2.88298, 0.29131, 0.27577, 0.24943, 0.26500, 0.26410, 0.24523, 0.26857
E_05, 0.24903, 0.29549, 0.34581, 2.88298, 0.00000, 2.90476, 0.34644, 0.29561, 0.25116, 0.24738, 0.24046, 0.24487
E_06, 0.26319, 0.24888, 0.27467, 0.29131, 2.90476,-0.00000, 2.65854, 0.34548, 0.27629, 0.26998, 0.24661, 0.26340
E_07, 0.26350, 0.24489, 0.26846, 0.27577, 0.34644, 2.65854, 0.00000, 2.90355, 0.28934, 0.27642, 0.25268, 0.26415
E_08, 0.24668, 0.24046, 0.24509, 0.24943, 0.29561, 0.34548, 2.90355,-0.00000, 2.90173, 0.34942, 0.30117, 0.25264
E_09, 0.27010, 0.24741, 0.26397, 0.26500, 0.25116, 0.27629, 0.28934, 2.90173,-0.00000, 2.64485, 0.34952, 0.27647
E_10, 0.27642, 0.25126, 0.26491, 0.26410, 0.24738, 0.26998, 0.27642, 0.34942, 2.64485, 0.00000, 2.90176, 0.28935
E_11, 0.34550, 0.29570, 0.24922, 0.24523, 0.24046, 0.24661, 0.25268, 0.30117, 0.34952, 2.90176, 0.00000, 2.90463
E_12, 2.65493, 0.34612, 0.27567, 0.26857, 0.24487, 0.26340, 0.26415, 0.25264, 0.27647, 0.28935, 2.90463, 0.00000

Conductance Matrix
,E_01,E_02,E_03,E_04,E_05,E_06,E_07,E_08,E_09,E_10,E_11,E_12,
E_01, 0.00000, 0.00000, 0.00000, 0.00000, 0.00000, 0.00000, 0.00000,-0.00000,-0.00000,-0.00000, 0.00000, 0.00000
E_02, 0.00000, 0.00000, 0.00000, 0.00000, 0.00000, 0.00000, 0.00000,-0.00000,-0.00000,-0.00000, 0.00000, 0.00000
E_03, 0.00000, 0.00000, 0.00000, 0.00000, 0.00000, 0.00000, 0.00000,-0.00000,-0.00000,-0.00000,-0.00000, 0.00000
E_04, 0.00000, 0.00000, 0.00000, 0.00000, 0.00000, 0.00000, 0.00000,-0.00000,-0.00000,-0.00000,-0.00000, 0.00000
E_05, 0.00000, 0.00000, 0.00000, 0.00000, 0.00000, 0.00000, 0.00000, 0.00000,-0.00000,-0.00000,-0.00000, 0.00000
E_06, 0.00000, 0.00000, 0.00000, 0.00000, 0.00000, 0.00000, 0.00000, 0.00000,-0.00000,-0.00000,-0.00000,-0.00000
E_07, 0.00000, 0.00000, 0.00000, 0.00000, 0.00000, 0.00000, 0.00000, 0.00000,-0.00000,-0.00000,-0.00000,-0.00000
E_08,-0.00000,-0.00000,-0.00000,-0.00000, 0.00000, 0.00000, 0.00000, 0.00000, 0.00000,-0.00000,-0.00000,-0.00000
E_09,-0.00000,-0.00000,-0.00000,-0.00000,-0.00000,-0.00000,-0.00000, 0.00000, 0.00000, 0.00000,-0.00000,-0.00000
E_10,-0.00000,-0.00000,-0.00000,-0.00000,-0.00000,-0.00000,-0.00000,-0.00000, 0.00000, 0.00000, 0.00000,-0.00000
E_11, 0.00000, 0.00000,-0.00000,-0.00000,-0.00000,-0.00000,-0.00000,-0.00000,-0.00000, 0.00000, 0.00000, 0.00000
E_12, 0.00000, 0.00000, 0.00000, 0.00000, 0.00000,-0.00000,-0.00000,-0.00000,-0.00000,-0.00000, 0.00000, 0.00000

Conductance Matrix Coupling Coefficient
,E_01,E_02,E_03,E_04,E_05,E_06,E_07,E_08,E_09,E_10,E_11,E_12,
E_01, 1.00000, 0.85212, 0.54962, 0.48586, 0.35055, 0.16022, 0.10866, 0.82832, 0.89062, 0.41447, 0.38129, 0.95846
E_02, 0.85212, 1.00000, 0.57078, 0.51216, 0.71786, 0.43434, 0.36717, 0.44120, 0.95282, 0.77441, 0.04780, 0.73957
E_03, 0.54962, 0.57078, 1.00000, 0.39700, 0.37540, 0.38707, 0.42663, 0.27306, 0.51344, 0.51064, 0.28775, 0.52446
E_04, 0.48586, 0.51216, 0.39700, 1.00000, 0.55257, 0.60370, 0.58607, 0.21680, 0.59325, 0.60856, 0.29840, 0.36560
E_05, 0.35055, 0.71786, 0.37540, 0.55257, 1.00000, 0.79412, 0.76522, 0.19182, 0.69386, 0.96058, 0.48932, 0.13415
E_06, 0.16022, 0.43434, 0.38707, 0.60370, 0.79412, 1.00000, 0.98236, 0.34158, 0.43395, 0.82414, 0.76825, 0.07308
E_07, 0.10866, 0.36717, 0.42663, 0.58607, 0.76522, 0.98236, 1.00000, 0.36517, 0.35990, 0.77499, 0.82368, 0.11725
E_08, 0.82832, 0.44120, 0.27306, 0.21680, 0.19182, 0.34158, 0.36517, 1.00000, 0.52932, 0.15138, 0.73861, 0.90872
E_09, 0.89062, 0.95282, 0.51344, 0.59325, 0.69386, 0.43395, 0.35990, 0.52932, 1.00000, 0.74159, 0.14384, 0.78173
E_10, 0.41447, 0.77441, 0.51064, 0.60856, 0.96058, 0.82414, 0.77499, 0.15138, 0.74159, 1.00000, 0.50411, 0.22352
E_11, 0.38129, 0.04780, 0.28775, 0.29840, 0.48932, 0.76825, 0.82368, 0.73861, 0.14384, 0.50411, 1.00000, 0.53990
E_12, 0.95846, 0.73957, 0.52446, 0.36560, 0.13415, 0.07308, 0.11725, 0.90872, 0.78173, 0.22352, 0.53990, 1.00000

Spice Conductance Matrix
,E_01,E_02,E_03,E_04,E_05,E_06,E_07,E_08,E_09,E_10,E_11,E_12,
E_01,-0.00000,-0.00000,-0.00000,-0.00000,-0.00000,-0.00000,-0.00000, 0.00000, 0.00000, 0.00000,-0.00000,-0.00000
E_02,-0.00000,-0.00000,-0.00000,-0.00000,-0.00000,-0.00000,-0.00000, 0.00000, 0.00000, 0.00000,-0.00000,-0.00000
E_03,-0.00000,-0.00000,-0.00000,-0.00000,-0.00000,-0.00000,-0.00000, 0.00000, 0.00000, 0.00000, 0.00000,-0.00000
E_04,-0.00000,-0.00000,-0.00000,-0.00000,-0.00000,-0.00000,-0.00000, 0.00000, 0.00000, 0.00000, 0.00000,-0.00000
E_05,-0.00000,-0.00000,-0.00000,-0.00000,-0.00000,-0.00000,-0.00000,-0.00000, 0.00000, 0.00000, 0.00000,-0.00000
E_06,-0.00000,-0.00000,-0.00000,-0.00000,-0.00000,-0.00000,-0.00000,-0.00000, 0.00000, 0.00000, 0.00000, 0.00000
E_07,-0.00000,-0.00000,-0.00000,-0.00000,-0.00000,-0.00000,-0.00000,-0.00000, 0.00000, 0.00000, 0.00000, 0.00000
E_08, 0.00000, 0.00000, 0.00000, 0.00000,-0.00000,-0.00000,-0.00000,-0.00000,-0.00000, 0.00000, 0.00000, 0.00000
E_09, 0.00000, 0.00000, 0.00000, 0.00000, 0.00000, 0.00000, 0.00000,-0.00000,-0.00000,-0.00000, 0.00000, 0.00000
E_10, 0.00000, 0.00000, 0.00000, 0.00000, 0.00000, 0.00000, 0.00000, 0.00000,-0.00000,-0.00000,-0.00000, 0.00000
E_11,-0.00000,-0.00000, 0.00000, 0.00000, 0.00000, 0.00000, 0.00000, 0.00000, 0.00000,-0.00000,-0.00000,-0.00000
E_12,-0.00000,-0.00000,-0.00000,-0.00000,-0.00000, 0.00000, 0.00000, 0.00000, 0.00000, 0.00000,-0.00000,-0.00000

