Setup1:LastAdaptive
Problem Type:  C
C Units:pF, G Units:mSie
Reduce Matrix:  FloatInfinityMatrix1
Frequency:  100kHz

Capacitance Matrix
,E_01,E_02,E_03,E_04,E_05,E_06,E_07,E_08,E_09,E_10,E_11,E_12,
E_01,8.0324,-2.9028,-0.29177,-0.2765,-0.25118,-0.26358,-0.2636,-0.2453,-0.26892,-0.27555,-0.34583,-2.6474
E_02,-2.9028,8.3322,-2.9036,-0.34725,-0.30151,-0.25092,-0.24626,-0.24049,-0.24644,-0.25012,-0.29579,-0.34709
E_03,-0.29177,-2.9036,8.0434,-2.6536,-0.34711,-0.27595,-0.26959,-0.24632,-0.26406,-0.26467,-0.25015,-0.27668
E_04,-0.2765,-0.34725,-2.6536,8.0244,-2.882,-0.29185,-0.27658,-0.2505,-0.26527,-0.26397,-0.24661,-0.27024
E_05,-0.25118,-0.30151,-0.34711,-2.882,8.3112,-2.9037,-0.34639,-0.29571,-0.25051,-0.24585,-0.24041,-0.24675
E_06,-0.26358,-0.25092,-0.27595,-0.29185,-2.9037,8.0429,-2.6586,-0.34544,-0.27558,-0.26853,-0.24534,-0.2635
E_07,-0.2636,-0.24626,-0.26959,-0.27658,-0.34639,-2.6586,8.0432,-2.9039,-0.28888,-0.27481,-0.25072,-0.26391
E_08,-0.2453,-0.24049,-0.24632,-0.2505,-0.29571,-0.34544,-2.9039,8.3067,-2.886,-0.3477,-0.29475,-0.25068
E_09,-0.26892,-0.24644,-0.26406,-0.26527,-0.25051,-0.27558,-0.28888,-2.886,8.023,-2.6543,-0.34802,-0.27509
E_10,-0.27555,-0.25012,-0.26467,-0.26397,-0.24585,-0.26853,-0.27481,-0.3477,-2.6543,8.0416,-2.9075,-0.28864
E_11,-0.34583,-0.29579,-0.25015,-0.24661,-0.24041,-0.24534,-0.25072,-0.29475,-0.34802,-2.9075,8.3242,-2.899
E_12,-2.6474,-0.34709,-0.27668,-0.27024,-0.24675,-0.2635,-0.26391,-0.25068,-0.27509,-0.28864,-2.899,8.029

Capacitance Matrix Coupling Coefficient
,E_01,E_02,E_03,E_04,E_05,E_06,E_07,E_08,E_09,E_10,E_11,E_12,
E_01,1,0.35482,0.036299,0.034441,0.030742,0.032793,0.032795,0.030031,0.0335,0.034286,0.042293,0.32966
E_02,0.35482,1,0.35468,0.042467,0.036232,0.030651,0.030081,0.028907,0.030141,0.030556,0.035517,0.042436
E_03,0.036299,0.35468,1,0.3303,0.042454,0.034308,0.033517,0.030134,0.032871,0.032908,0.030571,0.034429
E_04,0.034441,0.042467,0.3303,1,0.35291,0.036328,0.034427,0.030682,0.033061,0.032861,0.030175,0.033667
E_05,0.030742,0.036232,0.042454,0.35291,1,0.35515,0.042367,0.035589,0.030678,0.030072,0.028904,0.030206
E_06,0.032793,0.030651,0.034308,0.036328,0.35515,1,0.33054,0.042262,0.034307,0.033389,0.029984,0.03279
E_07,0.032795,0.030081,0.033517,0.034427,0.042367,0.33054,1,0.35526,0.035961,0.03417,0.030641,0.032841
E_08,0.030031,0.028907,0.030134,0.030682,0.035589,0.042262,0.35526,1,0.35351,0.042543,0.035447,0.030696
E_09,0.0335,0.030141,0.032871,0.033061,0.030678,0.034307,0.035961,0.35351,1,0.33045,0.042586,0.034275
E_10,0.034286,0.030556,0.032908,0.032861,0.030072,0.033389,0.03417,0.042543,0.33045,1,0.35537,0.035921
E_11,0.042293,0.035517,0.030571,0.030175,0.028904,0.029984,0.030641,0.035447,0.042586,0.35537,1,0.35461
E_12,0.32966,0.042436,0.034429,0.033667,0.030206,0.03279,0.032841,0.030696,0.034275,0.035921,0.35461,1

Spice Capacitance Matrix
,E_01,E_02,E_03,E_04,E_05,E_06,E_07,E_08,E_09,E_10,E_11,E_12,
E_01,-1.6156E-15,2.9028,0.29177,0.2765,0.25118,0.26358,0.2636,0.2453,0.26892,0.27555,0.34583,2.6474
E_02,2.9028,-6.0585E-16,2.9036,0.34725,0.30151,0.25092,0.24626,0.24049,0.24644,0.25012,0.29579,0.34709
E_03,0.29177,2.9036,1.1107E-15,2.6536,0.34711,0.27595,0.26959,0.24632,0.26406,0.26467,0.25015,0.27668
E_04,0.2765,0.34725,2.6536,5.5536E-16,2.882,0.29185,0.27658,0.2505,0.26527,0.26397,0.24661,0.27024
E_05,0.25118,0.30151,0.34711,2.882,-9.0877E-16,2.9037,0.34639,0.29571,0.25051,0.24585,0.24041,0.24675
E_06,0.26358,0.25092,0.27595,0.29185,2.9037,5.0487E-17,2.6586,0.34544,0.27558,0.26853,0.24534,0.2635
E_07,0.2636,0.24626,0.26959,0.27658,0.34639,2.6586,-3.0292E-16,2.9039,0.28888,0.27481,0.25072,0.26391
E_08,0.2453,0.24049,0.24632,0.2505,0.29571,0.34544,2.9039,-2.0195E-16,2.886,0.3477,0.29475,0.25068
E_09,0.26892,0.24644,0.26406,0.26527,0.25051,0.27558,0.28888,2.886,-6.5633E-16,2.6543,0.34802,0.27509
E_10,0.27555,0.25012,0.26467,0.26397,0.24585,0.26853,0.27481,0.3477,2.6543,7.5731E-16,2.9075,0.28864
E_11,0.34583,0.29579,0.25015,0.24661,0.24041,0.24534,0.25072,0.29475,0.34802,2.9075,-1.2117E-15,2.899
E_12,2.6474,0.34709,0.27668,0.27024,0.24675,0.2635,0.26391,0.25068,0.27509,0.28864,2.899,0

Conductance Matrix
,E_01,E_02,E_03,E_04,E_05,E_06,E_07,E_08,E_09,E_10,E_11,E_12,
E_01,2.1447E-10,4.2263E-10,1.1699E-12,-2.9129E-10,-5.4592E-10,-3.9107E-11,3.3878E-11,6.9473E-11,6.3428E-12,9.7849E-11,1.9398E-10,-1.6348E-10
E_02,4.2263E-10,2.4566E-09,8.3621E-10,-6.3657E-11,-8.7344E-10,-4.7682E-10,-3.1812E-10,-4.6216E-10,-6.5932E-10,-2.3522E-10,2.7621E-10,-9.029E-10
E_03,1.1699E-12,8.3621E-10,9.6319E-10,7.1832E-10,-9.3038E-11,-2.7191E-10,-2.3673E-10,-4.2484E-10,-3.8182E-10,-1.9477E-10,-2.4725E-10,-6.6854E-10
E_04,-2.9129E-10,-6.3657E-11,7.1832E-10,1.1232E-09,1.0644E-09,-1.359E-12,-1.7737E-10,-3.8615E-10,-5.0279E-10,-2.122E-10,-3.9249E-10,-8.7859E-10
E_05,-5.4592E-10,-8.7344E-10,-9.3038E-11,1.0644E-09,2.6851E-09,4.1353E-10,5.3039E-11,-1.3384E-10,-7.2647E-10,-2.6437E-10,-2.6833E-10,-1.3107E-09
E_06,-3.9107E-11,-4.7682E-10,-2.7191E-10,-1.359E-12,4.1353E-10,2.444E-10,1.2356E-10,1.5766E-10,-1.0794E-11,8.6273E-11,2.8551E-11,-2.5398E-10
E_07,3.3878E-11,-3.1812E-10,-2.3673E-10,-1.7737E-10,5.3039E-11,1.2356E-10,2.482E-10,2.1775E-10,1.5717E-10,7.1053E-11,7.5666E-11,-2.4811E-10
E_08,6.9473E-11,-4.6216E-10,-4.2484E-10,-3.8615E-10,-1.3384E-10,1.5766E-10,2.1775E-10,3.5021E-10,2.6079E-10,1.8681E-10,1.6408E-10,2.2396E-13
E_09,6.3428E-12,-6.5932E-10,-3.8182E-10,-5.0279E-10,-7.2647E-10,-1.0794E-11,1.5717E-10,2.6079E-10,1.6586E-09,1.1221E-10,-6.6476E-11,1.5256E-10
E_10,9.7849E-11,-2.3522E-10,-1.9477E-10,-2.122E-10,-2.6437E-10,8.6273E-11,7.1053E-11,1.8681E-10,1.1221E-10,2.0288E-10,1.5658E-10,-7.0743E-12
E_11,1.9398E-10,2.7621E-10,-2.4725E-10,-3.9249E-10,-2.6833E-10,2.8551E-11,7.5666E-11,1.6408E-10,-6.6476E-11,1.5658E-10,3.8268E-10,-3.0321E-10
E_12,-1.6348E-10,-9.029E-10,-6.6854E-10,-8.7859E-10,-1.3107E-09,-2.5398E-10,-2.4811E-10,2.2396E-13,1.5256E-10,-7.0743E-12,-3.0321E-10,4.5838E-09

Conductance Matrix Coupling Coefficient
,E_01,E_02,E_03,E_04,E_05,E_06,E_07,E_08,E_09,E_10,E_11,E_12,
E_01,1,0.58225,0.002574,0.5935,0.71939,0.17081,0.14684,0.25349,0.010635,0.46909,0.67711,0.16488
E_02,0.58225,1,0.54362,0.038323,0.34009,0.61538,0.40739,0.49827,0.32663,0.3332,0.28488,0.26907
E_03,0.002574,0.54362,1,0.69062,0.057853,0.56043,0.48416,0.73148,0.30209,0.44061,0.40724,0.31817
E_04,0.5935,0.038323,0.69062,1,0.61294,0.0025939,0.33594,0.61571,0.36838,0.44454,0.59867,0.38722
E_05,0.71939,0.34009,0.057853,0.61294,1,0.51048,0.064969,0.13802,0.34424,0.35819,0.26472,0.3736
E_06,0.17081,0.61538,0.56043,0.0025939,0.51048,1,0.50168,0.53891,0.016953,0.38745,0.093359,0.23996
E_07,0.14684,0.40739,0.48416,0.33594,0.064969,0.50168,1,0.73858,0.24497,0.31664,0.24552,0.23261
E_08,0.25349,0.49827,0.73148,0.61571,0.13802,0.53891,0.73858,1,0.34217,0.70083,0.44821,0.00017677
E_09,0.010635,0.32663,0.30209,0.36838,0.34424,0.016953,0.24497,0.34217,1,0.19343,0.083441,0.055328
E_10,0.46909,0.3332,0.44061,0.44454,0.35819,0.38745,0.31664,0.70083,0.19343,1,0.56195,0.007336
E_11,0.67711,0.28488,0.40724,0.59867,0.26472,0.093359,0.24552,0.44821,0.083441,0.56195,1,0.22893
E_12,0.16488,0.26907,0.31817,0.38722,0.3736,0.23996,0.23261,0.00017677,0.055328,0.007336,0.22893,1

Spice Conductance Matrix
,E_01,E_02,E_03,E_04,E_05,E_06,E_07,E_08,E_09,E_10,E_11,E_12,
E_01,3.0292E-25,-4.2263E-10,-1.1699E-12,2.9129E-10,5.4592E-10,3.9107E-11,-3.3878E-11,-6.9473E-11,-6.3428E-12,-9.7849E-11,-1.9398E-10,1.6348E-10
E_02,-4.2263E-10,1.3127E-24,-8.3621E-10,6.3657E-11,8.7344E-10,4.7682E-10,3.1812E-10,4.6216E-10,6.5932E-10,2.3522E-10,-2.7621E-10,9.029E-10
E_03,-1.1699E-12,-8.3621E-10,3.0292E-25,-7.1832E-10,9.3038E-11,2.7191E-10,2.3673E-10,4.2484E-10,3.8182E-10,1.9477E-10,2.4725E-10,6.6854E-10
E_04,2.9129E-10,6.3657E-11,-7.1832E-10,1.0097E-25,-1.0644E-09,1.359E-12,1.7737E-10,3.8615E-10,5.0279E-10,2.122E-10,3.9249E-10,8.7859E-10
E_05,5.4592E-10,8.7344E-10,9.3038E-11,-1.0644E-09,2.0195E-25,-4.1353E-10,-5.3039E-11,1.3384E-10,7.2647E-10,2.6437E-10,2.6833E-10,1.3107E-09
E_06,3.9107E-11,4.7682E-10,2.7191E-10,1.359E-12,-4.1353E-10,5.5536E-25,-1.2356E-10,-1.5766E-10,1.0794E-11,-8.6273E-11,-2.8551E-11,2.5398E-10
E_07,-3.3878E-11,3.1812E-10,2.3673E-10,1.7737E-10,-5.3039E-11,-1.2356E-10,1.5146E-25,-2.1775E-10,-1.5717E-10,-7.1053E-11,-7.5666E-11,2.4811E-10
E_08,-6.9473E-11,4.6216E-10,4.2484E-10,3.8615E-10,1.3384E-10,-1.5766E-10,-2.1775E-10,-1.8538E-25,-2.6079E-10,-1.8681E-10,-1.6408E-10,-2.2396E-13
E_09,-6.3428E-12,6.5932E-10,3.8182E-10,5.0279E-10,7.2647E-10,1.0794E-11,-1.5717E-10,-2.6079E-10,3.7865E-25,-1.1221E-10,6.6476E-11,-1.5256E-10
E_10,-9.7849E-11,2.3522E-10,1.9477E-10,2.122E-10,2.6437E-10,-8.6273E-11,-7.1053E-11,-1.8681E-10,-1.1221E-10,3.6603E-25,-1.5658E-10,7.0743E-12
E_11,-1.9398E-10,-2.7621E-10,2.4725E-10,3.9249E-10,2.6833E-10,-2.8551E-11,-7.5666E-11,-1.6408E-10,6.6476E-11,-1.5658E-10,5.5536E-25,3.0321E-10
E_12,1.6348E-10,9.029E-10,6.6854E-10,8.7859E-10,1.3107E-09,2.5398E-10,2.4811E-10,-2.2396E-13,-1.5256E-10,7.0743E-12,3.0321E-10,8.0779E-25

