Setup1:LastAdaptive
Problem Type:  C
C Units:pF, G Units:mSie
Reduce Matrix:  FloatInfinityMatrix1
Frequency:  100kHz

Capacitance Matrix
,E_01,E_02,E_03,E_04,E_05,E_06,E_07,E_08,E_09,E_10,E_11,E_12,
E_01,8.0312,-2.9022,-0.29135,-0.27503,-0.24905,-0.26317,-0.26372,-0.24823,-0.26951,-0.27537,-0.34589,-2.6477
E_02,-2.9022,8.3251,-2.9059,-0.34547,-0.29538,-0.24868,-0.24505,-0.24383,-0.24681,-0.24955,-0.29555,-0.34669
E_03,-0.29135,-2.9059,8.0397,-2.6557,-0.34572,-0.27466,-0.26855,-0.24563,-0.2636,-0.2638,-0.24869,-0.27611
E_04,-0.27503,-0.34547,-2.6557,8.0177,-2.8825,-0.29131,-0.27583,-0.2502,-0.26488,-0.26307,-0.24466,-0.26903
E_05,-0.24905,-0.29538,-0.34572,-2.8825,8.3044,-2.9043,-0.34598,-0.29901,-0.25222,-0.2462,-0.23917,-0.24492
E_06,-0.26317,-0.24868,-0.27466,-0.29131,-2.9043,8.0436,-2.6579,-0.34693,-0.27764,-0.26955,-0.24593,-0.26355
E_07,-0.26372,-0.24505,-0.26855,-0.27583,-0.34598,-2.6579,8.0458,-2.9036,-0.29159,-0.2768,-0.25238,-0.26443
E_08,-0.24823,-0.24383,-0.24563,-0.2502,-0.29901,-0.34693,-2.9036,8.3276,-2.8832,-0.35228,-0.30157,-0.25308
E_09,-0.26951,-0.24681,-0.2636,-0.26488,-0.25222,-0.27764,-0.29159,-2.8832,8.0247,-2.6523,-0.34729,-0.27559
E_10,-0.27537,-0.24955,-0.2638,-0.26307,-0.2462,-0.26955,-0.2768,-0.35228,-2.6523,8.0434,-2.906,-0.28852
E_11,-0.34589,-0.29555,-0.24869,-0.24466,-0.23917,-0.24593,-0.25238,-0.30157,-0.34729,-2.906,8.3259,-2.8988
E_12,-2.6477,-0.34669,-0.27611,-0.26903,-0.24492,-0.26355,-0.26443,-0.25308,-0.27559,-0.28852,-2.8988,8.0285

Capacitance Matrix Coupling Coefficient
,E_01,E_02,E_03,E_04,E_05,E_06,E_07,E_08,E_09,E_10,E_11,E_12,
E_01,1,0.35493,0.036258,0.034274,0.030496,0.032743,0.032807,0.030354,0.033571,0.034262,0.042299,0.32973
E_02,0.35493,1,0.35519,0.042286,0.035525,0.030389,0.029942,0.029284,0.030197,0.030496,0.035499,0.042407
E_03,0.036258,0.35519,1,0.33078,0.042311,0.034155,0.033391,0.030019,0.032817,0.032804,0.030397,0.034367
E_04,0.034274,0.042286,0.33078,1,0.35325,0.036275,0.034343,0.03062,0.033022,0.032758,0.029945,0.033532
E_05,0.030496,0.035525,0.042311,0.35325,1,0.35536,0.042326,0.035956,0.030897,0.030124,0.028763,0.029995
E_06,0.032743,0.030389,0.034155,0.036275,0.35536,1,0.33039,0.04239,0.034557,0.033511,0.030051,0.032796
E_07,0.032807,0.029942,0.033391,0.034343,0.042326,0.33039,1,0.35473,0.036289,0.034408,0.030836,0.032901
E_08,0.030354,0.029284,0.030019,0.03062,0.035956,0.04239,0.35473,1,0.3527,0.043044,0.036217,0.030952
E_09,0.033571,0.030197,0.032817,0.033022,0.030897,0.034557,0.036289,0.3527,1,0.33013,0.042487,0.034335
E_10,0.034262,0.030496,0.032804,0.032758,0.030124,0.033511,0.034408,0.043044,0.33013,1,0.3551,0.035904
E_11,0.042299,0.035499,0.030397,0.029945,0.028763,0.030051,0.030836,0.036217,0.042487,0.3551,1,0.35456
E_12,0.32973,0.042407,0.034367,0.033532,0.029995,0.032796,0.032901,0.030952,0.034335,0.035904,0.35456,1

Spice Capacitance Matrix
,E_01,E_02,E_03,E_04,E_05,E_06,E_07,E_08,E_09,E_10,E_11,E_12,
E_01,0,2.9022,0.29135,0.27503,0.24905,0.26317,0.26372,0.24823,0.26951,0.27537,0.34589,2.6477
E_02,2.9022,7.5731E-16,2.9059,0.34547,0.29538,0.24868,0.24505,0.24383,0.24681,0.24955,0.29555,0.34669
E_03,0.29135,2.9059,9.0877E-16,2.6557,0.34572,0.27466,0.26855,0.24563,0.2636,0.2638,0.24869,0.27611
E_04,0.27503,0.34547,2.6557,-6.5633E-16,2.8825,0.29131,0.27583,0.2502,0.26488,0.26307,0.24466,0.26903
E_05,0.24905,0.29538,0.34572,2.8825,-1.0097E-16,2.9043,0.34598,0.29901,0.25222,0.2462,0.23917,0.24492
E_06,0.26317,0.24868,0.27466,0.29131,2.9043,-7.5731E-16,2.6579,0.34693,0.27764,0.26955,0.24593,0.26355
E_07,0.26372,0.24505,0.26855,0.27583,0.34598,2.6579,2.0195E-16,2.9036,0.29159,0.2768,0.25238,0.26443
E_08,0.24823,0.24383,0.24563,0.2502,0.29901,0.34693,2.9036,1.4641E-15,2.8832,0.35228,0.30157,0.25308
E_09,0.26951,0.24681,0.2636,0.26488,0.25222,0.27764,0.29159,2.8832,1.5651E-15,2.6523,0.34729,0.27559
E_10,0.27537,0.24955,0.2638,0.26307,0.2462,0.26955,0.2768,0.35228,2.6523,-1.0097E-16,2.906,0.28852
E_11,0.34589,0.29555,0.24869,0.24466,0.23917,0.24593,0.25238,0.30157,0.34729,2.906,-4.039E-16,2.8988
E_12,2.6477,0.34669,0.27611,0.26903,0.24492,0.26355,0.26443,0.25308,0.27559,0.28852,2.8988,0

Conductance Matrix
,E_01,E_02,E_03,E_04,E_05,E_06,E_07,E_08,E_09,E_10,E_11,E_12,
E_01,1.2089E-09,4.7444E-10,-1.8102E-10,-1.4275E-10,2.4996E-10,1.3964E-10,-2.0606E-10,-1.6434E-09,-3.5959E-10,4.4134E-10,1.7662E-11,9.404E-13
E_02,4.7444E-10,6.0566E-09,-6.8981E-10,-6.0265E-10,8.9698E-11,-1.4181E-10,-5.5473E-10,-2.9821E-09,-9.7367E-10,7.6443E-11,-3.727E-10,-3.7971E-10
E_03,-1.8102E-10,-6.8981E-10,1.7086E-10,1.6234E-10,1.7573E-11,6.0488E-11,1.2376E-10,3.021E-10,2.3419E-11,-1.4118E-10,9.0659E-11,6.0826E-11
E_04,-1.4275E-10,-6.0265E-10,1.6234E-10,1.83E-10,1.6207E-11,4.6193E-11,9.0592E-11,5.0043E-11,3.2035E-11,-7.1648E-11,1.4863E-10,8.8007E-11
E_05,2.4996E-10,8.9698E-11,1.7573E-11,1.6207E-11,5.0406E-10,3.4453E-10,2.6614E-10,-1.0041E-09,-6.1264E-10,-1.9083E-13,1.0399E-10,2.482E-11
E_06,1.3964E-10,-1.4181E-10,6.0488E-11,4.6193E-11,3.4453E-10,3.1267E-10,3.0545E-10,-4.0289E-10,-5.0176E-10,-9.936E-11,-6.4515E-11,1.3494E-12
E_07,-2.0606E-10,-5.5473E-10,1.2376E-10,9.0592E-11,2.6614E-10,3.0545E-10,6.549E-10,8.9458E-10,-6.0231E-10,-5.5214E-10,-3.5439E-10,-6.5798E-11
E_08,-1.6434E-09,-2.9821E-09,3.021E-10,5.0043E-11,-1.0041E-09,-4.0289E-10,8.9458E-10,7.5483E-09,7.0142E-10,-1.7122E-09,-1.4041E-09,-3.4748E-10
E_09,-3.5959E-10,-9.7367E-10,2.3419E-11,3.2035E-11,-6.1264E-10,-5.0176E-10,-6.0231E-10,7.0142E-10,1.328E-09,4.8724E-10,3.4704E-10,1.3083E-10
E_10,4.4134E-10,7.6443E-11,-1.4118E-10,-7.1648E-11,-1.9083E-13,-9.936E-11,-5.5214E-10,-1.7122E-09,4.8724E-10,9.7364E-10,4.4484E-10,1.5326E-10
E_11,1.7662E-11,-3.727E-10,9.0659E-11,1.4863E-10,1.0399E-10,-6.4515E-11,-3.5439E-10,-1.4041E-09,3.4704E-10,4.4484E-10,8.1215E-10,2.3077E-10
E_12,9.404E-13,-3.7971E-10,6.0826E-11,8.8007E-11,2.482E-11,1.3494E-12,-6.5798E-11,-3.4748E-10,1.3083E-10,1.5326E-10,2.3077E-10,1.0219E-10

Conductance Matrix Coupling Coefficient
,E_01,E_02,E_03,E_04,E_05,E_06,E_07,E_08,E_09,E_10,E_11,E_12,
E_01,1,0.17534,0.3983,0.30349,0.32022,0.22712,0.23158,0.54405,0.28381,0.4068,0.017825,0.0026756
E_02,0.17534,1,0.6781,0.57243,0.051337,0.10305,0.27853,0.44105,0.34332,0.031479,0.16804,0.48265
E_03,0.3983,0.6781,1,0.91806,0.05988,0.2617,0.36996,0.26602,0.049165,0.34615,0.24337,0.46033
E_04,0.30349,0.57243,0.91806,1,0.053364,0.19311,0.26168,0.042578,0.064984,0.16974,0.38552,0.64356
E_05,0.32022,0.051337,0.05988,0.053364,1,0.86785,0.46321,0.51479,0.7488,0.0002724,0.16252,0.10936
E_06,0.22712,0.10305,0.2617,0.19311,0.86785,1,0.67501,0.26225,0.77866,0.18008,0.12803,0.007549
E_07,0.23158,0.27853,0.36996,0.26168,0.46321,0.67501,1,0.40235,0.64586,0.69145,0.48593,0.25435
E_08,0.54405,0.44105,0.26602,0.042578,0.51479,0.26225,0.40235,1,0.22154,0.6316,0.56711,0.39564
E_09,0.28381,0.34332,0.049165,0.064984,0.7488,0.77866,0.64586,0.22154,1,0.4285,0.33416,0.35515
E_10,0.4068,0.031479,0.34615,0.16974,0.0002724,0.18008,0.69145,0.6316,0.4285,1,0.50025,0.48587
E_11,0.017825,0.16804,0.24337,0.38552,0.16252,0.12803,0.48593,0.56711,0.33416,0.50025,1,0.80105
E_12,0.0026756,0.48265,0.46033,0.64356,0.10936,0.007549,0.25435,0.39564,0.35515,0.48587,0.80105,1

Spice Conductance Matrix
,E_01,E_02,E_03,E_04,E_05,E_06,E_07,E_08,E_09,E_10,E_11,E_12,
E_01,2.5559E-25,-4.7444E-10,1.8102E-10,1.4275E-10,-2.4996E-10,-1.3964E-10,2.0606E-10,1.6434E-09,3.5959E-10,-4.4134E-10,-1.7662E-11,-9.404E-13
E_02,-4.7444E-10,-1.0602E-24,6.8981E-10,6.0265E-10,-8.9698E-11,1.4181E-10,5.5473E-10,2.9821E-09,9.7367E-10,-7.6443E-11,3.727E-10,3.7971E-10
E_03,1.8102E-10,6.8981E-10,-4.5438E-25,-1.6234E-10,-1.7573E-11,-6.0488E-11,-1.2376E-10,-3.021E-10,-2.3419E-11,1.4118E-10,-9.0659E-11,-6.0826E-11
E_04,1.4275E-10,6.0265E-10,-1.6234E-10,-1.5146E-25,-1.6207E-11,-4.6193E-11,-9.0592E-11,-5.0043E-11,-3.2035E-11,7.1648E-11,-1.4863E-10,-8.8007E-11
E_05,-2.4996E-10,-8.9698E-11,-1.7573E-11,-1.6207E-11,2.5244E-25,-3.4453E-10,-2.6614E-10,1.0041E-09,6.1264E-10,1.9083E-13,-1.0399E-10,-2.482E-11
E_06,-1.3964E-10,1.4181E-10,-6.0488E-11,-4.6193E-11,-3.4453E-10,-1.8933E-25,-3.0545E-10,4.0289E-10,5.0176E-10,9.936E-11,6.4515E-11,-1.3494E-12
E_07,2.0606E-10,5.5473E-10,-1.2376E-10,-9.0592E-11,-2.6614E-10,-3.0545E-10,-8.5828E-25,-8.9458E-10,6.0231E-10,5.5214E-10,3.5439E-10,6.5798E-11
E_08,1.6434E-09,2.9821E-09,-3.021E-10,-5.0043E-11,1.0041E-09,4.0289E-10,-8.9458E-10,-6.5633E-25,-7.0142E-10,1.7122E-09,1.4041E-09,3.4748E-10
E_09,3.5959E-10,9.7367E-10,-2.3419E-11,-3.2035E-11,6.1264E-10,5.0176E-10,6.0231E-10,-7.0142E-10,-3.5341E-25,-4.8724E-10,-3.4704E-10,-1.3083E-10
E_10,-4.4134E-10,-7.6443E-11,1.4118E-10,7.1648E-11,1.9083E-13,9.936E-11,5.5214E-10,1.7122E-09,-4.8724E-10,4.2914E-25,-4.4484E-10,-1.5326E-10
E_11,-1.7662E-11,3.727E-10,-9.0659E-11,-1.4863E-10,-1.0399E-10,6.4515E-11,3.5439E-10,1.4041E-09,-3.4704E-10,-4.4484E-10,-4.039E-25,-2.3077E-10
E_12,-9.404E-13,3.7971E-10,-6.0826E-11,-8.8007E-11,-2.482E-11,-1.3494E-12,6.5798E-11,3.4748E-10,-1.3083E-10,-1.5326E-10,-2.3077E-10,3.0292E-25

