Setup1:LastAdaptive
Problem Type:  C
C Units:pF, G Units:mSie
Reduce Matrix:  FloatInfinityMatrix1
Frequency:  100kHz

Capacitance Matrix
,E_01,E_02,E_03,E_04,E_05,E_06,E_07,E_08,E_09,E_10,E_11,E_12,
E_01,8.0297,-2.9013,-0.29131,-0.27504,-0.24962,-0.26409,-0.2643,-0.24589,-0.26889,-0.27565,-0.346,-2.6476
E_02,-2.9013,8.3235,-2.9058,-0.34558,-0.29545,-0.25028,-0.24666,-0.24029,-0.24568,-0.24967,-0.29566,-0.34706
E_03,-0.29131,-2.9058,8.0401,-2.6553,-0.34536,-0.27534,-0.26958,-0.24571,-0.2632,-0.26398,-0.24875,-0.2758
E_04,-0.27504,-0.34558,-2.6553,8.0216,-2.8838,-0.29202,-0.27728,-0.25106,-0.26457,-0.26327,-0.24484,-0.2688
E_05,-0.24962,-0.29545,-0.34536,-2.8838,8.311,-2.9024,-0.34816,-0.30184,-0.25191,-0.24634,-0.24043,-0.24559
E_06,-0.26409,-0.25028,-0.27534,-0.29202,-2.9024,8.0462,-2.6567,-0.34717,-0.27712,-0.26962,-0.24711,-0.26432
E_07,-0.2643,-0.24666,-0.26958,-0.27728,-0.34816,-2.6567,8.0464,-2.9017,-0.28955,-0.2754,-0.25212,-0.26483
E_08,-0.24589,-0.24029,-0.24571,-0.25106,-0.30184,-0.34717,-2.9017,8.3124,-2.8852,-0.34723,-0.29491,-0.25127
E_09,-0.26889,-0.24568,-0.2632,-0.26457,-0.25191,-0.27712,-0.28955,-2.8852,8.0233,-2.6541,-0.34773,-0.27526
E_10,-0.27565,-0.24967,-0.26398,-0.26327,-0.24634,-0.26962,-0.2754,-0.34723,-2.6541,8.0416,-2.9073,-0.28894
E_11,-0.346,-0.29566,-0.24875,-0.24484,-0.24043,-0.24711,-0.25212,-0.29491,-0.34773,-2.9073,8.3252,-2.9003
E_12,-2.6476,-0.34706,-0.2758,-0.2688,-0.24559,-0.26432,-0.26483,-0.25127,-0.27526,-0.28894,-2.9003,8.0298

Capacitance Matrix Coupling Coefficient
,E_01,E_02,E_03,E_04,E_05,E_06,E_07,E_08,E_09,E_10,E_11,E_12,
E_01,1,0.35489,0.036255,0.034271,0.030556,0.032856,0.032881,0.030097,0.0335,0.034303,0.042319,0.32973
E_02,0.35489,1,0.35521,0.042293,0.035523,0.030583,0.03014,0.028889,0.030064,0.030518,0.035517,0.042452
E_03,0.036255,0.35521,1,0.33063,0.042249,0.034232,0.033516,0.030056,0.03277,0.03283,0.030404,0.034325
E_04,0.034271,0.042293,0.33063,1,0.3532,0.036349,0.034514,0.030746,0.032978,0.032779,0.029961,0.033492
E_05,0.030556,0.035523,0.042249,0.3532,1,0.35493,0.042575,0.036315,0.030849,0.030133,0.028904,0.030062
E_06,0.032856,0.030583,0.034232,0.036349,0.35493,1,0.33018,0.042451,0.03449,0.033519,0.030192,0.032884
E_07,0.032881,0.03014,0.033516,0.034514,0.042575,0.33018,1,0.35481,0.036037,0.034237,0.030804,0.032948
E_08,0.030097,0.028889,0.030056,0.030746,0.036315,0.042451,0.35481,1,0.3533,0.042471,0.035452,0.030755
E_09,0.0335,0.030064,0.03277,0.032978,0.030849,0.03449,0.036037,0.3533,1,0.33043,0.042548,0.034294
E_10,0.034303,0.030518,0.03283,0.032779,0.030133,0.033519,0.034237,0.042471,0.33043,1,0.35533,0.035957
E_11,0.042319,0.035517,0.030404,0.029961,0.028904,0.030192,0.030804,0.035452,0.042548,0.35533,1,0.35473
E_12,0.32973,0.042452,0.034325,0.033492,0.030062,0.032884,0.032948,0.030755,0.034294,0.035957,0.35473,1

Spice Capacitance Matrix
,E_01,E_02,E_03,E_04,E_05,E_06,E_07,E_08,E_09,E_10,E_11,E_12,
E_01,-4.039E-16,2.9013,0.29131,0.27504,0.24962,0.26409,0.2643,0.24589,0.26889,0.27565,0.346,2.6476
E_02,2.9013,8.0779E-16,2.9058,0.34558,0.29545,0.25028,0.24666,0.24029,0.24568,0.24967,0.29566,0.34706
E_03,0.29131,2.9058,-1.1107E-15,2.6553,0.34536,0.27534,0.26958,0.24571,0.2632,0.26398,0.24875,0.2758
E_04,0.27504,0.34558,2.6553,-1.2117E-15,2.8838,0.29202,0.27728,0.25106,0.26457,0.26327,0.24484,0.2688
E_05,0.24962,0.29545,0.34536,2.8838,1.3632E-15,2.9024,0.34816,0.30184,0.25191,0.24634,0.24043,0.24559
E_06,0.26409,0.25028,0.27534,0.29202,2.9024,9.5925E-16,2.6567,0.34717,0.27712,0.26962,0.24711,0.26432
E_07,0.2643,0.24666,0.26958,0.27728,0.34816,2.6567,-7.0682E-16,2.9017,0.28955,0.2754,0.25212,0.26483
E_08,0.24589,0.24029,0.24571,0.25106,0.30184,0.34717,2.9017,-1.2117E-15,2.8852,0.34723,0.29491,0.25127
E_09,0.26889,0.24568,0.2632,0.26457,0.25191,0.27712,0.28955,2.8852,4.039E-16,2.6541,0.34773,0.27526
E_10,0.27565,0.24967,0.26398,0.26327,0.24634,0.26962,0.2754,0.34723,2.6541,6.5633E-16,2.9073,0.28894
E_11,0.346,0.29566,0.24875,0.24484,0.24043,0.24711,0.25212,0.29491,0.34773,2.9073,8.0779E-16,2.9003
E_12,2.6476,0.34706,0.2758,0.2688,0.24559,0.26432,0.26483,0.25127,0.27526,0.28894,2.9003,0

Conductance Matrix
,E_01,E_02,E_03,E_04,E_05,E_06,E_07,E_08,E_09,E_10,E_11,E_12,
E_01,2.0795E-10,3.6786E-11,1.153E-10,1.7988E-10,-2.021E-10,-3.2006E-10,-2.3336E-10,-2.0082E-10,1.8913E-10,-9.6464E-11,1.3331E-10,1.9046E-10
E_02,3.6786E-11,1.5533E-10,5.4996E-11,7.8352E-11,2.2576E-10,-1.5476E-10,-3.0122E-10,-1.5595E-10,-5.99E-11,2.6139E-11,4.6497E-11,4.7977E-11
E_03,1.153E-10,5.4996E-11,1.4839E-10,1.4633E-10,9.4518E-11,-1.2654E-10,-2.2873E-10,-3.299E-10,1.7246E-11,-5.6967E-11,4.8488E-11,1.1687E-10
E_04,1.7988E-10,7.8352E-11,1.4633E-10,3.3821E-10,2.7074E-10,-2.0227E-10,-3.9982E-10,-6.0777E-10,4.8099E-11,-1.2078E-10,1.1113E-10,1.579E-10
E_05,-2.021E-10,2.2576E-10,9.4518E-11,2.7074E-10,2.2137E-09,8.4076E-10,-3.4741E-10,-1.5007E-09,-7.6025E-10,-2.015E-10,-3.2484E-10,-3.0868E-10
E_06,-3.2006E-10,-1.5476E-10,-1.2654E-10,-2.0227E-10,8.4076E-10,9.8658E-10,5.9941E-10,-2.5884E-10,-5.6435E-10,-4.3996E-11,-3.7196E-10,-3.8397E-10
E_07,-2.3336E-10,-3.0122E-10,-2.2873E-10,-3.9982E-10,-3.4741E-10,5.9941E-10,9.5267E-10,6.6064E-10,-1.8643E-10,9.7733E-12,-2.5132E-10,-2.742E-10
E_08,-2.0082E-10,-1.5595E-10,-3.299E-10,-6.0777E-10,-1.5007E-09,-2.5884E-10,6.6064E-10,1.8788E-09,1.4683E-10,3.8021E-10,7.612E-11,-8.8611E-11
E_09,1.8913E-10,-5.99E-11,1.7246E-11,4.8099E-11,-7.6025E-10,-5.6435E-10,-1.8643E-10,1.4683E-10,9.1377E-10,-1.0284E-10,1.5998E-10,1.9872E-10
E_10,-9.6464E-11,2.6139E-11,-5.6967E-11,-1.2078E-10,-2.015E-10,-4.3996E-11,9.7733E-12,3.8021E-10,-1.0284E-10,1.9832E-10,3.3932E-11,-2.5821E-11
E_11,1.3331E-10,4.6497E-11,4.8488E-11,1.1113E-10,-3.2484E-10,-3.7196E-10,-2.5132E-10,7.612E-11,1.5998E-10,3.3932E-11,1.7598E-10,1.6269E-10
E_12,1.9046E-10,4.7977E-11,1.1687E-10,1.579E-10,-3.0868E-10,-3.8397E-10,-2.742E-10,-8.8611E-11,1.9872E-10,-2.5821E-11,1.6269E-10,2.0667E-10

Conductance Matrix Coupling Coefficient
,E_01,E_02,E_03,E_04,E_05,E_06,E_07,E_08,E_09,E_10,E_11,E_12,
E_01,1,0.20469,0.65636,0.67829,0.29787,0.70663,0.5243,0.32129,0.43387,0.47502,0.69687,0.91873
E_02,0.20469,1,0.36225,0.34185,0.38501,0.39534,0.78306,0.28869,0.159,0.14893,0.28124,0.26778
E_03,0.65636,0.36225,1,0.65321,0.16491,0.33072,0.60835,0.6248,0.046834,0.33208,0.30005,0.66736
E_04,0.67829,0.34185,0.65321,1,0.3129,0.35017,0.70436,0.76244,0.086521,0.46635,0.45551,0.59722
E_05,0.29787,0.38501,0.16491,0.3129,1,0.56892,0.23923,0.73586,0.53454,0.30412,0.52046,0.45636
E_06,0.70663,0.39534,0.33072,0.35017,0.56892,1,0.61828,0.19012,0.59438,0.099463,0.8927,0.85034
E_07,0.5243,0.78306,0.60835,0.70436,0.23923,0.61828,1,0.4938,0.19982,0.022485,0.6138,0.61796
E_08,0.32129,0.28869,0.6248,0.76244,0.73586,0.19012,0.4938,1,0.11206,0.62287,0.13238,0.1422
E_09,0.43387,0.159,0.046834,0.086521,0.53454,0.59438,0.19982,0.11206,1,0.24158,0.39896,0.45728
E_10,0.47502,0.14893,0.33208,0.46635,0.30412,0.099463,0.022485,0.62287,0.24158,1,0.18163,0.12754
E_11,0.69687,0.28124,0.30005,0.45551,0.52046,0.8927,0.6138,0.13238,0.39896,0.18163,1,0.85309
E_12,0.91873,0.26778,0.66736,0.59722,0.45636,0.85034,0.61796,0.1422,0.45728,0.12754,0.85309,1

Spice Conductance Matrix
,E_01,E_02,E_03,E_04,E_05,E_06,E_07,E_08,E_09,E_10,E_11,E_12,
E_01,-1.0097E-25,-3.6786E-11,-1.153E-10,-1.7988E-10,2.021E-10,3.2006E-10,2.3336E-10,2.0082E-10,-1.8913E-10,9.6464E-11,-1.3331E-10,-1.9046E-10
E_02,-3.6786E-11,-6.8158E-25,-5.4996E-11,-7.8352E-11,-2.2576E-10,1.5476E-10,3.0122E-10,1.5595E-10,5.99E-11,-2.6139E-11,-4.6497E-11,-4.7977E-11
E_03,-1.153E-10,-5.4996E-11,-2.2719E-25,-1.4633E-10,-9.4518E-11,1.2654E-10,2.2873E-10,3.299E-10,-1.7246E-11,5.6967E-11,-4.8488E-11,-1.1687E-10
E_04,-1.7988E-10,-7.8352E-11,-1.4633E-10,-2.7768E-25,-2.7074E-10,2.0227E-10,3.9982E-10,6.0777E-10,-4.8099E-11,1.2078E-10,-1.1113E-10,-1.579E-10
E_05,2.021E-10,-2.2576E-10,-9.4518E-11,-2.7074E-10,-1.3127E-24,-8.4076E-10,3.4741E-10,1.5007E-09,7.6025E-10,2.015E-10,3.2484E-10,3.0868E-10
E_06,3.2006E-10,1.5476E-10,1.2654E-10,2.0227E-10,-8.4076E-10,-3.0292E-25,-5.9941E-10,2.5884E-10,5.6435E-10,4.3996E-11,3.7196E-10,3.8397E-10
E_07,2.3336E-10,3.0122E-10,2.2873E-10,3.9982E-10,3.4741E-10,-5.9941E-10,0,-6.6064E-10,1.8643E-10,-9.7733E-12,2.5132E-10,2.742E-10
E_08,2.0082E-10,1.5595E-10,3.299E-10,6.0777E-10,1.5007E-09,2.5884E-10,-6.6064E-10,2.903E-25,-1.4683E-10,-3.8021E-10,-7.612E-11,8.8611E-11
E_09,-1.8913E-10,5.99E-11,-1.7246E-11,-4.8099E-11,7.6025E-10,5.6435E-10,1.8643E-10,-1.4683E-10,3.5341E-25,1.0284E-10,-1.5998E-10,-1.9872E-10
E_10,9.6464E-11,-2.6139E-11,5.6967E-11,1.2078E-10,2.015E-10,4.3996E-11,-9.7733E-12,-3.8021E-10,1.0284E-10,-6.3109E-25,-3.3932E-11,2.5821E-11
E_11,-1.3331E-10,-4.6497E-11,-4.8488E-11,-1.1113E-10,3.2484E-10,3.7196E-10,2.5132E-10,-7.612E-11,-1.5998E-10,-3.3932E-11,-3.7865E-25,-1.6269E-10
E_12,-1.9046E-10,-4.7977E-11,-1.1687E-10,-1.579E-10,3.0868E-10,3.8397E-10,2.742E-10,8.8611E-11,-1.9872E-10,2.5821E-11,-1.6269E-10,-1.5146E-25

