%Setup1:LastAdaptive
%Problem Type:  C
%C Units:pF, G Units:mSie
%Reduce Matrix:  FloatInfinityMatrix1
%Frequency:  100kHz

capMatrix = [
 8.03239,-2.90344,-0.29122,-0.27505,-0.24897,-0.26311,-0.26326,-0.24481,-0.26920,-0.27960,-0.34644,-2.64730;
-2.90344, 8.32585,-2.90607,-0.34583,-0.29552,-0.24882,-0.24465,-0.23811,-0.24551,-0.25419,-0.29724,-0.34648;
-0.29122,-2.90607, 8.04014,-2.65559,-0.34576,-0.27462,-0.26834,-0.24412,-0.26299,-0.26582,-0.24993,-0.27568;
-0.27505,-0.34583,-2.65559, 8.02109,-2.88474,-0.29145,-0.27586,-0.24874,-0.26416,-0.26489,-0.24607,-0.26872;
-0.24897,-0.29552,-0.34576,-2.88474, 8.30467,-2.90491,-0.34659,-0.29484,-0.24926,-0.24813,-0.24131,-0.24464;
-0.26311,-0.24882,-0.27462,-0.29145,-2.90491, 8.04298,-2.65870,-0.34529,-0.27527,-0.27041,-0.24716,-0.26323;
-0.26326,-0.24465,-0.26834,-0.27586,-0.34659,-2.65870, 8.04314,-2.90344,-0.28839,-0.27683,-0.25328,-0.26379;
-0.24481,-0.23811,-0.24412,-0.24874,-0.29484,-0.34529,-2.90344, 8.30961,-2.88217,-0.35115,-0.30655,-0.25039;
-0.26920,-0.24551,-0.26299,-0.26416,-0.24926,-0.27527,-0.28839,-2.88217, 8.02998,-2.64925,-0.36751,-0.27626;
-0.27960,-0.25419,-0.26582,-0.26489,-0.24813,-0.27041,-0.27683,-0.35115,-2.64925, 8.07838,-2.92258,-0.29554;
-0.34644,-0.29724,-0.24993,-0.24607,-0.24131,-0.24716,-0.25328,-0.30655,-0.36751,-2.92258, 8.37756,-2.89949;
-2.64730,-0.34648,-0.27568,-0.26872,-0.24464,-0.26323,-0.26379,-0.25039,-0.27626,-0.29554,-2.89949, 8.03152;
];

capMatrixCoupling = [
 1.00000, 0.35504, 0.03624, 0.03427, 0.03048, 0.03273, 0.03275, 0.02997, 0.03352, 0.03471, 0.04223, 0.32960;
 0.35504, 1.00000, 0.35519, 0.04232, 0.03554, 0.03041, 0.02990, 0.02863, 0.03003, 0.03099, 0.03559, 0.04237;
 0.03624, 0.35519, 1.00000, 0.33068, 0.04231, 0.03415, 0.03337, 0.02987, 0.03273, 0.03298, 0.03045, 0.03431;
 0.03427, 0.04232, 0.33068, 1.00000, 0.35345, 0.03629, 0.03434, 0.03047, 0.03292, 0.03291, 0.03002, 0.03348;
 0.03048, 0.03554, 0.04231, 0.35345, 1.00000, 0.35544, 0.04241, 0.03549, 0.03052, 0.03029, 0.02893, 0.02995;
 0.03273, 0.03041, 0.03415, 0.03629, 0.35544, 1.00000, 0.33056, 0.04224, 0.03425, 0.03355, 0.03011, 0.03275;
 0.03275, 0.02990, 0.03337, 0.03434, 0.04241, 0.33056, 1.00000, 0.35515, 0.03589, 0.03434, 0.03086, 0.03282;
 0.02997, 0.02863, 0.02987, 0.03047, 0.03549, 0.04224, 0.35515, 1.00000, 0.35284, 0.04286, 0.03674, 0.03065;
 0.03352, 0.03003, 0.03273, 0.03292, 0.03052, 0.03425, 0.03589, 0.35284, 1.00000, 0.32893, 0.04481, 0.03440;
 0.03471, 0.03099, 0.03298, 0.03291, 0.03029, 0.03355, 0.03434, 0.04286, 0.32893, 1.00000, 0.35526, 0.03669;
 0.04223, 0.03559, 0.03045, 0.03002, 0.02893, 0.03011, 0.03086, 0.03674, 0.04481, 0.35526, 1.00000, 0.35348;
 0.32960, 0.04237, 0.03431, 0.03348, 0.02995, 0.03275, 0.03282, 0.03065, 0.03440, 0.03669, 0.35348, 1.00000;
];

spicecapMatrix = [
-0.00000, 2.90344, 0.29122, 0.27505, 0.24897, 0.26311, 0.26326, 0.24481, 0.26920, 0.27960, 0.34644, 2.64730;
 2.90344,-0.00000, 2.90607, 0.34583, 0.29552, 0.24882, 0.24465, 0.23811, 0.24551, 0.25419, 0.29724, 0.34648;
 0.29122, 2.90607, 0.00000, 2.65559, 0.34576, 0.27462, 0.26834, 0.24412, 0.26299, 0.26582, 0.24993, 0.27568;
 0.27505, 0.34583, 2.65559,-0.00000, 2.88474, 0.29145, 0.27586, 0.24874, 0.26416, 0.26489, 0.24607, 0.26872;
 0.24897, 0.29552, 0.34576, 2.88474, 0.00000, 2.90491, 0.34659, 0.29484, 0.24926, 0.24813, 0.24131, 0.24464;
 0.26311, 0.24882, 0.27462, 0.29145, 2.90491,-0.00000, 2.65870, 0.34529, 0.27527, 0.27041, 0.24716, 0.26323;
 0.26326, 0.24465, 0.26834, 0.27586, 0.34659, 2.65870, 0.00000, 2.90344, 0.28839, 0.27683, 0.25328, 0.26379;
 0.24481, 0.23811, 0.24412, 0.24874, 0.29484, 0.34529, 2.90344,-0.00000, 2.88217, 0.35115, 0.30655, 0.25039;
 0.26920, 0.24551, 0.26299, 0.26416, 0.24926, 0.27527, 0.28839, 2.88217, 0.00000, 2.64925, 0.36751, 0.27626;
 0.27960, 0.25419, 0.26582, 0.26489, 0.24813, 0.27041, 0.27683, 0.35115, 2.64925, 0.00000, 2.92258, 0.29554;
 0.34644, 0.29724, 0.24993, 0.24607, 0.24131, 0.24716, 0.25328, 0.30655, 0.36751, 2.92258,-0.00000, 2.89949;
 2.64730, 0.34648, 0.27568, 0.26872, 0.24464, 0.26323, 0.26379, 0.25039, 0.27626, 0.29554, 2.89949, 0.00000;
];

condMatrix = [
 0.00000, 0.00000, 0.00000, 0.00000, 0.00000, 0.00000, 0.00000, 0.00000,-0.00000,-0.00000,-0.00000, 0.00000;
 0.00000, 0.00000, 0.00000, 0.00000, 0.00000, 0.00000, 0.00000, 0.00000, 0.00000,-0.00000,-0.00000, 0.00000;
 0.00000, 0.00000, 0.00000, 0.00000, 0.00000, 0.00000, 0.00000, 0.00000, 0.00000,-0.00000,-0.00000, 0.00000;
 0.00000, 0.00000, 0.00000, 0.00000, 0.00000, 0.00000, 0.00000, 0.00000, 0.00000,-0.00000,-0.00000, 0.00000;
 0.00000, 0.00000, 0.00000, 0.00000, 0.00000, 0.00000, 0.00000, 0.00000, 0.00000,-0.00000,-0.00000, 0.00000;
 0.00000, 0.00000, 0.00000, 0.00000, 0.00000, 0.00000, 0.00000, 0.00000, 0.00000,-0.00000,-0.00000, 0.00000;
 0.00000, 0.00000, 0.00000, 0.00000, 0.00000, 0.00000, 0.00000, 0.00000, 0.00000,-0.00000,-0.00000, 0.00000;
 0.00000, 0.00000, 0.00000, 0.00000, 0.00000, 0.00000, 0.00000, 0.00000, 0.00000,-0.00000,-0.00000, 0.00000;
-0.00000, 0.00000, 0.00000, 0.00000, 0.00000, 0.00000, 0.00000, 0.00000, 0.00000, 0.00000,-0.00000,-0.00000;
-0.00000,-0.00000,-0.00000,-0.00000,-0.00000,-0.00000,-0.00000,-0.00000, 0.00000, 0.00000,-0.00000,-0.00000;
-0.00000,-0.00000,-0.00000,-0.00000,-0.00000,-0.00000,-0.00000,-0.00000,-0.00000,-0.00000, 0.00000, 0.00000;
 0.00000, 0.00000, 0.00000, 0.00000, 0.00000, 0.00000, 0.00000, 0.00000,-0.00000,-0.00000, 0.00000, 0.00000;
];

condMatrixCoupling = [
 1.00000, 0.26826, 0.12799, 0.45188, 0.39787, 0.31819, 0.32051, 0.20682, 0.05167, 0.49690, 0.08368, 0.39375;
 0.26826, 1.00000, 0.77760, 0.37851, 0.79157, 0.51591, 0.29897, 0.55895, 0.16340, 0.71551, 0.22650, 0.84684;
 0.12799, 0.77760, 1.00000, 0.37536, 0.52918, 0.58749, 0.10628, 0.27373, 0.12697, 0.41705, 0.28347, 0.60790;
 0.45188, 0.37851, 0.37536, 1.00000, 0.76536, 0.76915, 0.65774, 0.44392, 0.21683, 0.54647, 0.33147, 0.51399;
 0.39787, 0.79157, 0.52918, 0.76536, 1.00000, 0.79789, 0.59376, 0.77586, 0.39653, 0.69421, 0.44625, 0.69358;
 0.31819, 0.51591, 0.58749, 0.76915, 0.79789, 1.00000, 0.44812, 0.50069, 0.25163, 0.49690, 0.38900, 0.45867;
 0.32051, 0.29897, 0.10628, 0.65774, 0.59376, 0.44812, 1.00000, 0.65852, 0.36443, 0.42756, 0.42141, 0.42034;
 0.20682, 0.55895, 0.27373, 0.44392, 0.77586, 0.50069, 0.65852, 1.00000, 0.79878, 0.26276, 0.77576, 0.28194;
 0.05167, 0.16340, 0.12697, 0.21683, 0.39653, 0.25163, 0.36443, 0.79878, 1.00000, 0.30622, 0.94893, 0.24894;
 0.49690, 0.71551, 0.41705, 0.54647, 0.69421, 0.49690, 0.42756, 0.26276, 0.30622, 1.00000, 0.26809, 0.93362;
 0.08368, 0.22650, 0.28347, 0.33147, 0.44625, 0.38900, 0.42141, 0.77576, 0.94893, 0.26809, 1.00000, 0.15977;
 0.39375, 0.84684, 0.60790, 0.51399, 0.69358, 0.45867, 0.42034, 0.28194, 0.24894, 0.93362, 0.15977, 1.00000;
];

