%Setup1:LastAdaptive
%Problem Type:  C
%C Units:pF, G Units:mSie
%Reduce Matrix:  FloatInfinityMatrix1
%Frequency:  100kHz

capMatrix = [
13.872,-3.0293,-0.3349,-0.30815,-0.28494,-0.28388,-0.28517,-0.28314,-0.29782,-0.31525,-0.72679,-7.7226;
-3.0293,8.6311,-2.8337,-0.32781,-0.27422,-0.23795,-0.2346,-0.22149,-0.2329,-0.23471,-0.27499,-0.72938;
-0.3349,-2.8337,8.021,-2.6689,-0.33981,-0.27116,-0.26527,-0.23915,-0.25859,-0.25846,-0.23417,-0.31682;
-0.30815,-0.32781,-2.6689,8.0673,-2.902,-0.28893,-0.27369,-0.24509,-0.26086,-0.2589,-0.23227,-0.30076;
-0.28494,-0.27422,-0.33981,-2.902,8.331,-2.9037,-0.34453,-0.29124,-0.24616,-0.24051,-0.22175,-0.28225;
-0.28388,-0.23795,-0.27116,-0.28893,-2.9037,8.059,-2.6696,-0.34458,-0.27342,-0.26566,-0.23488,-0.28531;
-0.28517,-0.2346,-0.26527,-0.27369,-0.34453,-2.6696,7.9945,-2.8349,-0.28766,-0.27259,-0.24034,-0.28618;
-0.28314,-0.22149,-0.23915,-0.24509,-0.29124,-0.34458,-2.8349,8.237,-2.8729,-0.34276,-0.27307,-0.28863;
-0.29782,-0.2329,-0.25859,-0.26086,-0.24616,-0.27342,-0.28766,-2.8729,8.025,-2.6589,-0.33102,-0.30474;
-0.31525,-0.23471,-0.25846,-0.2589,-0.24051,-0.26566,-0.27259,-0.34276,-2.6589,7.98,-2.8014,-0.33085;
-0.72679,-0.27499,-0.23417,-0.23227,-0.22175,-0.23488,-0.24034,-0.27307,-0.33102,-2.8014,8.5986,-3.0279;
-7.7226,-0.72938,-0.31682,-0.30076,-0.28225,-0.28531,-0.28618,-0.28863,-0.30474,-0.33085,-3.0279,13.875;
];

capMatrixCoupling = [
1,0.27685,0.03175,0.029129,0.026505,0.026849,0.02708,0.026488,0.028227,0.029963,0.066546,0.55664;
0.27685,1,0.34057,0.039285,0.032339,0.028531,0.028242,0.026269,0.027984,0.028281,0.031921,0.06665;
0.03175,0.34057,1,0.33179,0.041569,0.033727,0.033126,0.029422,0.032231,0.032305,0.028197,0.030031;
0.029129,0.039285,0.33179,1,0.35398,0.035833,0.03408,0.030065,0.032421,0.032268,0.027887,0.028427;
0.026505,0.032339,0.041569,0.35398,1,0.35437,0.042216,0.035157,0.030105,0.029498,0.0262,0.026252;
0.026849,0.028531,0.033727,0.035833,0.35437,1,0.33259,0.042292,0.033999,0.033127,0.028215,0.026981;
0.02708,0.028242,0.033126,0.03408,0.042216,0.33259,1,0.34935,0.035914,0.034129,0.028988,0.027171;
0.026488,0.026269,0.029422,0.030065,0.035157,0.042292,0.34935,1,0.35336,0.042277,0.032448,0.026998;
0.028227,0.027984,0.032231,0.032421,0.030105,0.033999,0.035914,0.35336,1,0.33226,0.039849,0.028879;
0.029963,0.028281,0.032305,0.032268,0.029498,0.033127,0.034129,0.042277,0.33226,1,0.33819,0.031442;
0.066546,0.031921,0.028197,0.027887,0.0262,0.028215,0.028988,0.032448,0.039849,0.33819,1,0.27721;
0.55664,0.06665,0.030031,0.028427,0.026252,0.026981,0.027171,0.026998,0.028879,0.031442,0.27721,1;
];

spicecapMatrix = [
0,3.0293,0.3349,0.30815,0.28494,0.28388,0.28517,0.28314,0.29782,0.31525,0.72679,7.7226;
3.0293,0,2.8337,0.32781,0.27422,0.23795,0.2346,0.22149,0.2329,0.23471,0.27499,0.72938;
0.3349,2.8337,-4.5438E-16,2.6689,0.33981,0.27116,0.26527,0.23915,0.25859,0.25846,0.23417,0.31682;
0.30815,0.32781,2.6689,1.8175E-15,2.902,0.28893,0.27369,0.24509,0.26086,0.2589,0.23227,0.30076;
0.28494,0.27422,0.33981,2.902,-5.5536E-16,2.9037,0.34453,0.29124,0.24616,0.24051,0.22175,0.28225;
0.28388,0.23795,0.27116,0.28893,2.9037,5.0487E-16,2.6696,0.34458,0.27342,0.26566,0.23488,0.28531;
0.28517,0.2346,0.26527,0.27369,0.34453,2.6696,-5.5536E-16,2.8349,0.28766,0.27259,0.24034,0.28618;
0.28314,0.22149,0.23915,0.24509,0.29124,0.34458,2.8349,-3.0292E-16,2.8729,0.34276,0.27307,0.28863;
0.29782,0.2329,0.25859,0.26086,0.24616,0.27342,0.28766,2.8729,-5.0487E-17,2.6589,0.33102,0.30474;
0.31525,0.23471,0.25846,0.2589,0.24051,0.26566,0.27259,0.34276,2.6589,-1.5651E-15,2.8014,0.33085;
0.72679,0.27499,0.23417,0.23227,0.22175,0.23488,0.24034,0.27307,0.33102,2.8014,-2.4234E-15,3.0279;
7.7226,0.72938,0.31682,0.30076,0.28225,0.28531,0.28618,0.28863,0.30474,0.33085,3.0279,0;
];

condMatrix = [
5.338E-06,3.142E-08,-2.2243E-08,-1.8167E-08,-1.4036E-08,-9.8876E-09,-1.2175E-08,-1.9998E-08,-1.7039E-08,-2.3639E-08,-3.9634E-07,-4.8359E-06;
3.142E-08,3.2685E-07,1.0063E-08,6.1634E-09,7.3252E-09,2.9127E-09,3.0388E-09,6.201E-09,3.9949E-09,5.1355E-09,-4.9869E-09,-3.9812E-07;
-2.2243E-08,1.0063E-08,1.5408E-08,3.8128E-09,2.3968E-09,1.9462E-09,2.2468E-09,2.8317E-09,2.5844E-09,3.4497E-09,4.6289E-09,-2.7125E-08;
-1.8167E-08,6.1634E-09,3.8128E-09,1.3047E-08,1.9429E-09,1.9111E-09,1.843E-09,2.2824E-09,2.11E-09,2.9578E-09,4.1481E-09,-2.2052E-08;
-1.4036E-08,7.3252E-09,2.3968E-09,1.9429E-09,3.8212E-09,1.9336E-09,2.0005E-09,2.8706E-09,2.417E-09,2.6476E-09,6.0041E-09,-1.9323E-08;
-9.8876E-09,2.9127E-09,1.9462E-09,1.9111E-09,1.9336E-09,3.7745E-09,1.6271E-09,1.9923E-09,1.849E-09,2.058E-09,2.8599E-09,-1.2977E-08;
-1.2175E-08,3.0388E-09,2.2468E-09,1.843E-09,2.0005E-09,1.6271E-09,3.4662E-09,2.3379E-09,2.2526E-09,2.3321E-09,3.06E-09,-1.203E-08;
-1.9998E-08,6.201E-09,2.8317E-09,2.2824E-09,2.8706E-09,1.9923E-09,2.3379E-09,4.9103E-09,2.7116E-09,3.0414E-09,7.8595E-09,-1.704E-08;
-1.7039E-08,3.9949E-09,2.5844E-09,2.11E-09,2.417E-09,1.849E-09,2.2526E-09,2.7116E-09,4.3618E-09,2.7544E-09,5.8766E-09,-1.3873E-08;
-2.3639E-08,5.1355E-09,3.4497E-09,2.9578E-09,2.6476E-09,2.058E-09,2.3321E-09,3.0414E-09,2.7544E-09,8.5473E-09,8.9426E-09,-1.8227E-08;
-3.9634E-07,-4.9869E-09,4.6289E-09,4.1481E-09,6.0041E-09,2.8599E-09,3.06E-09,7.8595E-09,5.8766E-09,8.9426E-09,3.2498E-07,3.2972E-08;
-4.8359E-06,-3.9812E-07,-2.7125E-08,-2.2052E-08,-1.9323E-08,-1.2977E-08,-1.203E-08,-1.704E-08,-1.3873E-08,-1.8227E-08,3.2972E-08,5.3436E-06;
];

condMatrixCoupling = [
1,0.023787,0.077558,0.068838,0.098278,0.069659,0.089506,0.12353,0.11167,0.11067,0.30092,0.90545;
0.023787,1,0.1418,0.094381,0.20728,0.082928,0.090282,0.15479,0.1058,0.097162,0.015301,0.30124;
0.077558,0.1418,1,0.26891,0.31236,0.2552,0.30744,0.32556,0.31524,0.3006,0.065414,0.094532;
0.068838,0.094381,0.26891,1,0.27517,0.27234,0.27405,0.28515,0.2797,0.28009,0.063703,0.083516;
0.098278,0.20728,0.31236,0.27517,1,0.50915,0.54969,0.66271,0.59204,0.46327,0.17038,0.13523;
0.069659,0.082928,0.2552,0.27234,0.50915,1,0.44985,0.46278,0.45569,0.36233,0.081657,0.091374;
0.089506,0.090282,0.30744,0.27405,0.54969,0.44985,1,0.56668,0.57933,0.42845,0.091174,0.088394;
0.12353,0.15479,0.32556,0.28515,0.66271,0.46278,0.56668,1,0.58593,0.46947,0.19675,0.1052;
0.11167,0.1058,0.31524,0.2797,0.59204,0.45569,0.57933,0.58593,1,0.45111,0.15609,0.090872;
0.11067,0.097162,0.3006,0.28009,0.46327,0.36233,0.42845,0.46947,0.45111,1,0.16968,0.085289;
0.30092,0.015301,0.065414,0.063703,0.17038,0.081657,0.091174,0.19675,0.15609,0.16968,1,0.02502;
0.90545,0.30124,0.094532,0.083516,0.13523,0.091374,0.088394,0.1052,0.090872,0.085289,0.02502,1;
];

